1,300,A,300,0,0.0
1,300,B,300,0,0.0
1,300,C,300,0,0.0
1,300,D,499,0,0.0
1,300,E,300,0,0.0
2,300,A,300,0,0.0
2,300,B,300,0,0.0
2,300,C,300,0,0.0
2,300,D,499,0,0.0
2,300,E,300,0,0.0
3,300,A,300,0,0.0
3,300,B,300,0,0.0
3,300,C,300,0,0.0
3,300,D,499,0,0.0
3,300,E,300,0,0.0
4,300,A,300,0,0.0
4,300,B,300,0,0.0
4,300,C,300,0,0.0
4,300,D,499,0,0.0
4,300,E,300,0,0.0
5,300,A,300,0,0.0
5,300,B,300,0,0.0
5,300,C,300,0,0.0
5,300,D,499,0,0.0
5,300,E,300,0,0.0
1,300,A,300,1,172.0
1,300,B,300,1,172.0
1,300,C,300,1,172.0
1,300,D,499,1,172.0
1,300,E,300,1,172.0
2,300,A,300,1,172.0
2,300,B,300,1,172.0
2,300,C,300,1,172.0
2,300,D,499,1,172.0
2,300,E,300,1,172.0
3,300,A,300,1,172.0
3,300,B,300,1,172.0
3,300,C,300,1,172.0
3,300,D,499,1,172.0
3,300,E,300,1,172.0
4,300,A,300,1,172.0
4,300,B,300,1,172.0
4,300,C,300,1,172.0
4,300,D,499,1,172.0
4,300,E,300,1,172.0
5,300,A,300,1,172.0
5,300,B,300,1,172.0
5,300,C,300,1,172.0
5,300,D,499,1,172.0
5,300,E,300,1,172.0
1,300,A,300,2,344.0
1,300,B,300,2,344.0
1,300,C,300,2,344.0
1,300,D,499,2,344.0
1,300,E,300,2,344.0
2,300,A,300,2,344.0
2,300,B,300,2,344.0
2,300,C,300,2,344.0
2,300,D,499,2,344.0
2,300,E,300,2,344.0
3,300,A,300,2,344.0
3,300,B,300,2,344.0
3,300,C,300,2,344.0
3,300,D,499,2,344.0
3,300,E,300,2,344.0
4,300,A,300,2,344.0
4,300,B,300,2,344.0
4,300,C,300,2,344.0
4,300,D,499,2,344.0
4,300,E,300,2,344.0
5,300,A,300,2,344.0
5,300,B,300,2,344.0
5,300,C,300,2,344.0
5,300,D,499,2,344.0
5,300,E,300,2,344.0
1,300,A,300,3,516.0
1,300,B,300,3,516.0
1,300,C,300,3,516.0
1,300,D,499,3,516.0
1,300,E,300,3,516.0
2,300,A,300,3,516.0
2,300,B,300,3,516.0
2,300,C,300,3,516.0
2,300,D,499,3,516.0
2,300,E,300,3,516.0
3,300,A,300,3,516.0
3,300,B,300,3,516.0
3,300,C,300,3,516.0
3,300,D,499,3,516.0
3,300,E,300,3,516.0
4,300,A,300,3,516.0
4,300,B,300,3,516.0
4,300,C,300,3,516.0
4,300,D,499,3,516.0
4,300,E,300,3,516.0
5,300,A,300,3,516.0
5,300,B,300,3,516.0
5,300,C,300,3,516.0
5,300,D,499,3,516.0
5,300,E,300,3,516.0
1,300,A,300,4,688.0
1,300,B,300,4,688.0
1,300,C,300,4,688.0
1,300,D,499,4,688.0
1,300,E,300,4,688.0
2,300,A,300,4,688.0
2,300,B,300,4,688.0
2,300,C,300,4,688.0
2,300,D,499,4,688.0
2,300,E,300,4,688.0
3,300,A,300,4,688.0
3,300,B,300,4,688.0
3,300,C,300,4,688.0
3,300,D,499,4,688.0
3,300,E,300,4,688.0
4,300,A,300,4,688.0
4,300,B,300,4,688.0
4,300,C,300,4,688.0
4,300,D,499,4,688.0
4,300,E,300,4,688.0
5,300,A,300,4,688.0
5,300,B,300,4,688.0
5,300,C,300,4,688.0
5,300,D,499,4,688.0
5,300,E,300,4,688.0
1,300,A,300,5,860.0
1,300,B,300,5,860.0
1,300,C,300,5,860.0
1,300,D,499,5,860.0
1,300,E,300,5,860.0
2,300,A,300,5,860.0
2,300,B,300,5,860.0
2,300,C,300,5,860.0
2,300,D,499,5,860.0
2,300,E,300,5,860.0
3,300,A,300,5,860.0
3,300,B,300,5,860.0
3,300,C,300,5,860.0
3,300,D,499,5,860.0
3,300,E,300,5,860.0
4,300,A,300,5,860.0
4,300,B,300,5,860.0
4,300,C,300,5,860.0
4,300,D,499,5,860.0
4,300,E,300,5,860.0
5,300,A,300,5,860.0
5,300,B,300,5,860.0
5,300,C,300,5,860.0
5,300,D,499,5,860.0
5,300,E,300,5,860.0
1,300,A,300,6,1032.0
1,300,B,300,6,1032.0
1,300,C,300,6,1032.0
1,300,D,499,6,1032.0
1,300,E,300,6,1032.0
2,300,A,300,6,1032.0
2,300,B,300,6,1032.0
2,300,C,300,6,1032.0
2,300,D,499,6,1032.0
2,300,E,300,6,1032.0
3,300,A,300,6,1032.0
3,300,B,300,6,1032.0
3,300,C,300,6,1032.0
3,300,D,499,6,1032.0
3,300,E,300,6,1032.0
4,300,A,300,6,1032.0
4,300,B,300,6,1032.0
4,300,C,300,6,1032.0
4,300,D,499,6,1032.0
4,300,E,300,6,1032.0
5,300,A,300,6,1032.0
5,300,B,300,6,1032.0
5,300,C,300,6,1032.0
5,300,D,499,6,1032.0
5,300,E,300,6,1032.0
1,300,A,300,7,1204.0
1,300,B,300,7,1204.0
1,300,C,300,7,1204.0
1,300,D,499,7,1204.0
1,300,E,300,7,1204.0
2,300,A,300,7,1204.0
2,300,B,300,7,1204.0
2,300,C,300,7,1204.0
2,300,D,499,7,1204.0
2,300,E,300,7,1204.0
3,300,A,300,7,1204.0
3,300,B,300,7,1204.0
3,300,C,300,7,1204.0
3,300,D,499,7,1204.0
3,300,E,300,7,1204.0
4,300,A,300,7,1204.0
4,300,B,300,7,1204.0
4,300,C,300,7,1204.0
4,300,D,499,7,1204.0
4,300,E,300,7,1204.0
5,300,A,300,7,1204.0
5,300,B,300,7,1204.0
5,300,C,300,7,1204.0
5,300,D,499,7,1204.0
5,300,E,300,7,1204.0
1,300,A,300,8,1376.0
1,300,B,300,8,1376.0
1,300,C,300,8,1376.0
1,300,D,499,8,1376.0
1,300,E,300,8,1376.0
2,300,A,300,8,1376.0
2,300,B,300,8,1376.0
2,300,C,300,8,1376.0
2,300,D,499,8,1376.0
2,300,E,300,8,1376.0
3,300,A,300,8,1376.0
3,300,B,300,8,1376.0
3,300,C,300,8,1376.0
3,300,D,499,8,1376.0
3,300,E,300,8,1376.0
4,300,A,300,8,1376.0
4,300,B,300,8,1376.0
4,300,C,300,8,1376.0
4,300,D,499,8,1376.0
4,300,E,300,8,1376.0
5,300,A,300,8,1376.0
5,300,B,300,8,1376.0
5,300,C,300,8,1376.0
5,300,D,499,8,1376.0
5,300,E,300,8,1376.0
1,300,A,300,9,1548.0
1,300,B,300,9,1548.0
1,300,C,300,9,1548.0
1,300,D,499,9,1548.0
1,300,E,300,9,1548.0
2,300,A,300,9,1548.0
2,300,B,300,9,1548.0
2,300,C,300,9,1548.0
2,300,D,499,9,1548.0
2,300,E,300,9,1548.0
3,300,A,300,9,1548.0
3,300,B,300,9,1548.0
3,300,C,300,9,1548.0
3,300,D,499,9,1548.0
3,300,E,300,9,1548.0
4,300,A,300,9,1548.0
4,300,B,300,9,1548.0
4,300,C,300,9,1548.0
4,300,D,499,9,1548.0
4,300,E,300,9,1548.0
5,300,A,300,9,1548.0
5,300,B,300,9,1548.0
5,300,C,300,9,1548.0
5,300,D,499,9,1548.0
5,300,E,300,9,1548.0
1,300,A,300,10,1720.0
1,300,B,300,10,1720.0
1,300,C,300,10,1720.0
1,300,D,499,10,1720.0
1,300,E,300,10,1720.0
2,300,A,300,10,1720.0
2,300,B,300,10,1720.0
2,300,C,300,10,1720.0
2,300,D,499,10,1720.0
2,300,E,300,10,1720.0
3,300,A,300,10,1720.0
3,300,B,300,10,1720.0
3,300,C,300,10,1720.0
3,300,D,499,10,1720.0
3,300,E,300,10,1720.0
4,300,A,300,10,1720.0
4,300,B,300,10,1720.0
4,300,C,300,10,1720.0
4,300,D,499,10,1720.0
4,300,E,300,10,1720.0
5,300,A,300,10,1720.0
5,300,B,300,10,1720.0
5,300,C,300,10,1720.0
5,300,D,499,10,1720.0
5,300,E,300,10,1720.0
1,300,A,300,11,1892.0
1,300,B,300,11,1892.0
1,300,C,300,11,1892.0
1,300,D,499,11,1892.0
1,300,E,300,11,1892.0
2,300,A,300,11,1892.0
2,300,B,300,11,1892.0
2,300,C,300,11,1892.0
2,300,D,499,11,1892.0
2,300,E,300,11,1892.0
3,300,A,300,11,1892.0
3,300,B,300,11,1892.0
3,300,C,300,11,1892.0
3,300,D,499,11,1892.0
3,300,E,300,11,1892.0
4,300,A,300,11,1892.0
4,300,B,300,11,1892.0
4,300,C,300,11,1892.0
4,300,D,499,11,1892.0
4,300,E,300,11,1892.0
5,300,A,300,11,1892.0
5,300,B,300,11,1892.0
5,300,C,300,11,1892.0
5,300,D,499,11,1892.0
5,300,E,300,11,1892.0
1,300,A,300,12,2064.0
1,300,B,300,12,2064.0
1,300,C,300,12,2064.0
1,300,D,499,12,2064.0
1,300,E,300,12,2064.0
2,300,A,300,12,2064.0
2,300,B,300,12,2064.0
2,300,C,300,12,2064.0
2,300,D,499,12,2064.0
2,300,E,300,12,2064.0
3,300,A,300,12,2064.0
3,300,B,300,12,2064.0
3,300,C,300,12,2064.0
3,300,D,499,12,2064.0
3,300,E,300,12,2064.0
4,300,A,300,12,2064.0
4,300,B,300,12,2064.0
4,300,C,300,12,2064.0
4,300,D,499,12,2064.0
4,300,E,300,12,2064.0
5,300,A,300,12,2064.0
5,300,B,300,12,2064.0
5,300,C,300,12,2064.0
5,300,D,499,12,2064.0
5,300,E,300,12,2064.0
1,300,A,300,13,2236.0
1,300,B,300,13,2236.0
1,300,C,300,13,2236.0
1,300,D,499,13,2236.0
1,300,E,300,13,2236.0
2,300,A,300,13,2236.0
2,300,B,300,13,2236.0
2,300,C,300,13,2236.0
2,300,D,499,13,2236.0
2,300,E,300,13,2236.0
3,300,A,300,13,2236.0
3,300,B,300,13,2236.0
3,300,C,300,13,2236.0
3,300,D,499,13,2236.0
3,300,E,300,13,2236.0
4,300,A,300,13,2236.0
4,300,B,300,13,2236.0
4,300,C,300,13,2236.0
4,300,D,499,13,2236.0
4,300,E,300,13,2236.0
5,300,A,300,13,2236.0
5,300,B,300,13,2236.0
5,300,C,300,13,2236.0
5,300,D,499,13,2236.0
5,300,E,300,13,2236.0
